111111111111111111111111111111111111111111111111111
111111111111111000001000000000000000111111111111111
111111111111111010101011111111111110111111111111111
111111111111101010100010000000001000101111111111111
111111111111101010111110111110111011101111111111111
111111111111101010000010100010001000001111111111111
111111111111101111111010101010101111101111111111111
111111111110001000000010101010100000100011111111111
111111111110111011111111101011101111111011111111111
111111111110001000000000001000100010000011111111111
111111111111101111101111111110101010111111111111111
111111111000100000100010000000101010100000111111111
111111111011111110101110111111111010111010111111111
111111101000100000101000100000000010001010101111111
111111101010101111111011101011111011101010101111111
111111100010001000000010101000001000101010101111111
111111101111111010111110101111101110101010101111111
111110001000001010100000100010100010101010000011111
111110111011101110101110111010111011101011111011111
111110001000100010101000100010001010001010001011111
111111101010111010101111101110111010111010101011111
111010001010001000100010001000001010000010101010111
111010111011101111101010111111101011111110101010111
111010100010001000001000100000001010000010100010111
111010111110111011111111101111101010111010111110111
E0001000001010100000100000100000100010100010000000S
111011111010101111101010111011111111101111111110111
111000001000100000101010001000100010000000100010111
111010111111101010101111101110101010111010101010111
111010000000101010100010001010101000100010001000111
111110111010101011111010111010111111101111111011111
111110100010101000001000100010000010001010000011111
111110101111101111101111101011111010111010111111111
111110100010001000000010001000001000100010000011111
111111101010111011111010111111101111111011101111111
111111101010100010000010100000100000000000101111111
111111101010101111111110101110111011101111101111111
111111101000100000000010001000101010001000001111111
111111111011111111111011111011101010111011111111111
111111111000000000001000000000101010001000111111111
111111111111101111101111111110101010111011111111111
111111111110101000100010001000001010100011111111111
111111111110101010111110101111111010101111111111111
111111111110001010100000100000000010100011111111111
111111111111101010101111111011111110101111111111111
111111111111101010001000001010000010101111111111111
111111111111101011111011101010111011101111111111111
111111111111101000001010101010001000001111111111111
111111111111111011101010101111101111111111111111111
111111111111111000100000100000000000111111111111111
111111111111111111111111111111111111111111111111111
