111111111111111111111111111111111111111111111111111
100000100000000000000000000000100000000000100000001
101110101110111111111011111110111110111110111110101
101000101000101000001010001010000010100010100000101
101111101011101010111010101011111010111010101111101
101000101000100010000010101000001010001000101000101
101010111110111111111110101110101011101011101011101
100010000010100000000000100010101000101000101000001
111111111010101111111111111010101110101110101011111
100010000010100010001000000010100010101010001010001
101010111110111010111011111111111010101011111011101
101000100010000000100010000000000010101000001010001
101111101010111111101110111011111110101111101010111
101010001000001000001010101000001000101000001010001
101010111111101011111010101111101011101011101011101
101000100000101010000010100000101000001010001010001
101111101110111010101010111110101111111011111010111
100000100010001010101010000000100000100000001010001
111110101011101010101011111011101110101111101010101
101000101000100010101010000010001000101000101010101
101011101110111111101110111110111011101010101011101
101010001000100000101000100010001010001010001000001
101011111011101110101011101011101110111011111111101
101000001010000010101010001000100000101000000010001
101111101010111010101010111010111111101111111010111
E0000010001010001010101010001010001000001000101000S
101111111110101110101011101110101011101011101011101
100000001000100010001000001000101000001000101000101
111110101011111011111111111011101111111110101011101
100010101000001000100000100010001000001010101000001
101011101111101110101110101110101011101010101111111
101000000000100010001010100010101000101010000000001
101111111110111011111010111011101011101011111111101
100010000010100010000010001000100010001000100000001
101010111010101110111110111110111010111011101111111
101010101010101000000010000010001010100000101010001
101010101011101111111011111011101010101110101010101
101010101000101000000000001000101010100010001000101
111010101110101011111111101011101110111011111111101
100010100010001000101000101010001000101000100000101
101110101011111110101010101010111011101110101110101
101000101010000000100010101010100010000010001010001
101011101010111011101110101010111010111011111011101
100010001010001010001010101010100010001000000000101
101111101010111010111010101010101110111011111011101
101000101010100010100010001010001010100010000010001
101010101011101110101011111011111010101111111110111
101010101000100010101000001000100010100000000010001
101010101110111010111011101110101010111111111011101
100010001000000010000010000010001000000000001000001
111111111111111111111111111111111111111111111111111
