111111111111111111111111111111111111111111111111111
111111111111111111100000100000001111111111111111111
111111111111111111101110101111101111111111111111111
111111111111111010001010000010000010111111111111111
111111111111101010111011111110111010111111111111111
111111111110001000100000100000101010000011111111111
111111111110111011101110101111101011111011111111111
111111111010100000101000101000100000000000111111111
111111111010111110111010101010111111111110111111111
111111100010001000001010100010000000001010001111111
111111111011101111101011111111111111101011101111111
111110000000100000101000000000100000101000101011111
111111101111111110101011111011101110101110101011111
111110001000100000101000001010001010100010101011111
111110111010101111101111101010111010111010101011111
111000100010001000101000101010001010001010100000111
111011101111111010101010111011101011101010111110111
111000001010000010101010000010001000101010000000111
111011111010101110101011111110111010101010111111111
100010000010101000100010000000100010101010001000001
101110111110101110111010111111101011101011101110101
100010000000100010100010100000001010001010101000101
111010111111111010111110101111111010111010101011101
100010001000000010000000100010000010000010001000101
101110111011111111111111111011111111111110111010101
E0100010001010000000000000100000100000001010001010S
101111101110101111101111101110101011101010101110111
101000001010001000101000000010100010001010101000101
101011111010111010101111111010111110111010111011101
101000100010100010100000100010000010101010000010101
101110101010111010111110111011111010101011111110101
100000101010001010000010001000001010100010000010001
111011101011101111111011101111101110101111111010111
111000001000101000000010101000100000101000000010111
111011111011101011111010101110111111101010111110111
111000100010001010001000100010000000101010001000111
111110101010111010101110111010111111101111101011111
111110101010000010100010001010001000000000001011111
111110101111111111101111101010101011111111111011111
111110100000000010001000001010100000100000100011111
111111101110111010111011111010111111101110101111111
111111100010001000100000001010100000100010001111111
111111111011101011101111111010101110111011111111111
111111111000101010001000000010101010001000111111111
111111111110101110111011111110101010111011111111111
111111111110100000100010100000101010000011111111111
111111111111111011101110101111101011111111111111111
111111111111111000100010001000100000111111111111111
111111111111111111101011111010101111111111111111111
111111111111111111101000000010001111111111111111111
111111111111111111111111111111111111111111111111111
