111111111111111111111111111111111111111111111111111
100000100000111111111111111111111111111000000000001
101110101110111111111111111111111111111111101111101
101000101000001111111111111111111111100000001000101
101111101011111111111111111111111111101111111110101
101000101000000011111111111111111110001000000000101
101010111110111011111111111111111111101110101111101
100010000010100000111111111111111000001000101000001
111111111011101110111111111111111011111011111011111
100010000010001010001111111111100010000000001010001
101010111110111011101111111111101111111111101011101
101000100000100000000011111110001000000000101000001
111011101111111111111011111110111010111110101110111
111000100000100000100010000000100010100010001000111
111110111110101110111011111011101011101010111011111
111110000010001010001000001010001000001010100011111
111111111011101011101111101011101111111011101111111
111111100000100010001000101000100010001000001111111
111111111110111110111010101110111010101111111111111
111111111000000010100010100010101010101000111111111
111111111111111010101111111010101010101011111111111
111111111110001000100000001000101010100011111111111
111111111111101111101111101111101010111111111111111
111111111111100010100000101000001010001111111111111
111111111111101010111110101010111010101111111111111
E0000000000000100010000010001000101010000000000000S
111111111111101011101111111111101011101111111111111
111111111111101010001000000010001010001111111111111
111111111111101110111010111010101010101111111111111
111111111110000010100010100010101010100011111111111
111111111111101010101110101110111010111111111111111
111111111000101010101000101010001010000000111111111
111111111010111010111011101011101011111010111111111
111111100010100010000010101010001000000010101111111
111111111010101011111110101010111111111110101111111
111110000010001000001000100010000000000000100011111
111110111111111110111010111011111111111111101011111
111000001000001000100010000000100000000000101000111
111011101011101110101111111110111111101110111010111
101010100000100010100011111110000000100010001010001
101010111111111011101111111111111110111011101011111
101010000010000010001111111111100010100010001000001
101010101110101110111111111111111010101110111110101
101010101000101000111111111111111000001000100010101
101011101011111011111111111111111111111011101011101
101000001000000011111111111111111110001010001010001
101111101111111111111111111111111111101010111010101
100000101000001111111111111111111111100010001000101
101110101110111111111111111111111111111011101111101
100010000000111111111111111111111111111000001000001
111111111111111111111111111111111111111111111111111
