111111111111111111111111111111111111111111111111111
100000101000000011111111111111111110000000001000001
101110101011101111111111111111111110111110101111101
101000100010100011111111111111111110001000100000101
101111101110111011111111111111111111101011111110101
101000100000100011111111111111111110101010001000101
101010111110101111111111111111111110101010101011101
100010000010100011111111111111111110101000101010001
111111111011111011111111111111111110101111101010101
100010000010000000001000100000000000101000101010101
101010111110111111101010111010111111101011101011101
101000100010000010000010100010100000000010001000101
101111101110111011111110101111101111111110111110101
101000100000101000100010100000001000100000100000101
101010111110101110111010101111111010101111101111101
100010000010001000100010100010000010001010000000001
111111111011111011101110111110111111111010111111111
111111111000001010000010100010000010001000111111111
111111111111101010111010101011111010101011111111111
111111111000100010001000101000001010101000111111111
111111111010111111101111101111101011101110111111111
111111111010000010100000001000101000100010111111111
111111111010111010111111111110101110101110111111111
111111111010100010000010000010100010100000111111111
111111111110101110111010111010111010101111111111111
E0000000000010000010100010100010101010000000000000S
111111111010111111101111101110101010111110111111111
111111111010100010000000001000001010100000111111111
111111111011101010111111101011111010101111111111111
111111111000001010100000101000100010101000111111111
111111111011111010101110101110101110101011111111111
111111111000100010101010101000100000101000111111111
111111111011101110101010111011111111101110111111111
111111111010001000101010001000000000100000111111111
111111111010111011101011101011111111111110111111111
100000001010101000000000100010001000000010001000001
111110111010101011111111111110101011111011101110101
100010100010100000100010000000101010100000101000101
101010101110111110101010111111101010101011101011101
101000100010000010101000100010101010101010001000101
101111111011111011101111101010101010101010111010101
100000001000101000000000001000100000101010100010101
101110101110101111111111111111111111101010101110101
100010100010000011111111111111111110001010101000101
111110111111111011111111111111111110111010111011101
100000100000001011111111111111111110001010000010101
101110101110111011111111111111111111101011111110101
101000100010001011111111111111111110001000000010001
101111111011101011111111111111111110111111111110111
100000000000100011111111111111111110000000000000001
111111111111111111111111111111111111111111111111111
