111111111111111111111111111111111111111111111111111
111111111111111110000010000000000011111111111111111
111111111111111111101011111011111011111111111111111
111111111111111110001000001010100011111111111111111
111111111111111111111111101010101111111111111111111
111111111111111110001000001000100011111111111111111
111111111111111110101011111110111011111111111111111
111111111111111110100010000000001011111111111111111
111111111111111110111110111111111011111111111111111
111111111111111110100000000000100011111111111111111
111111111111111110101111111110101011111111111111111
111111111111111110100010000010101011111111111111111
111111111111111110111110111011101011111111111111111
111111111111111110000010001000101011111111111111111
111111111111111111111010101110101011111111111111111
111111111111111110100010100010001011111111111111111
111111111111111110101110111011111011111111111111111
101000100000000010101000100010000010000000000010001
101010101011111010101111101110111111111011111011101
100010001000101000100000101010000000000010001000101
101111111110101011111110101011111111111111101110101
101000001000100010000010001000000000000000000010001
111011101011101110101111111111101111111111111011101
100010000010001000100000000000001000100000001010101
101111111111111011111111111011111011101111101010101
E0000000000010001000000000101000100000000010001010S
101111111110101110111110101010101111111110111110101
101000001010001000000010101000100000000010100000101
101110101011111111101110101111111111111010101011101
100000100010000010001000100010000010001010001010001
111111111010101011111011111011101010101011111010111
100000001010101000001000101000101010101000001010001
101111101011101111101110101110101011101111101111101
100000100000001000101000100010101000000000100000001
111111111111111110101011101010101011111111111111111
111111111111111110100010001010101011111111111111111
111111111111111110111110111010101011111111111111111
111111111111111110100010001010001011111111111111111
111111111111111110101010101111111011111111111111111
111111111111111110001000101000100011111111111111111
111111111111111110111111101010101111111111111111111
111111111111111110001010001010001011111111111111111
111111111111111111101010101011111011111111111111111
111111111111111110100010101000000011111111111111111
111111111111111110111010101111111011111111111111111
111111111111111110001010100010000011111111111111111
111111111111111110111010111110111111111111111111111
111111111111111110001010000010100011111111111111111
111111111111111110101011111010111011111111111111111
111111111111111110100000001000000011111111111111111
111111111111111111111111111111111111111111111111111
